delta=1/4
4383
2.7621937672
1.81033713076
3.34225260286
2.33879123264

delta=1/2

3889
2.66343920624
1.75719274275
3.2434980419
2.28564684463

delta=1

2942
2.65429265406
1.75024656576
3.23435148972
2.27870066765

delta=2
1751
2.64103244084
1.7440274484
3.2210912765
2.27248155029

delta=3

1415
2.65717688084
1.75383690378
3.23723571649
2.28229100567

delta=Lred

1178
2.64171735899
1.74522730166
3.22177619465
2.27368140355

rc=3L/8

1359
2.16256030152
1.54970900441
3.23713749819
2.41826450989

rc=L/4

1205
1.12444466441
1.08381761137
3.11513264398
2.48828316212

N=100

1449
2.88180415268
1.84478270764
3.24879021694
2.2071213667

N=200

1367
3.07437735081
1.9166964099
3.2460020506
2.10788722646